1456263503,23.158185
1456263503,23.153024
1456263504,23.158185
1456263504,23.168300
1456263506,23.154056
1456263506,23.168300
1456263507,23.154056
1456263507,23.167474
1456263509,23.143941
1456263509,23.167474
1456263511,23.143941
1456263511,23.151166
1456263512,23.141260
1456263512,23.151166
1456263514,23.141260
1456263514,23.160249
1456263515,23.137750
1456263515,23.160249
1456263517,23.137750
1456263517,23.150135
1456263519,23.146007
1456263519,23.150135
1456263520,23.146007
1456263520,23.153850
1456263522,23.154056
1456263522,23.153850
1456263523,23.154056
1456263523,23.156328
1456263525,23.146213
1456263525,23.156328
1456263527,23.146213
1456263527,23.156534
1456263528,23.143941
1456263528,23.156534
1456263530,23.143941
1456263530,23.144975
1456263532,23.146625
1456263532,23.144975
1456263533,23.146625
1456263533,23.156740
1456263535,23.158805
1456263535,23.156740
1456263536,23.158805
1456263536,23.162313
1456263538,23.150548
1456263538,23.162313
1456263540,23.150548
1456263540,23.160663
1456263541,23.154056
1456263541,23.160663
1456263543,23.154056
1456263543,23.159631
1456263544,23.166648
1456263544,23.159631
1456263546,23.166648
1456263546,23.164585
1456263548,23.164379
1456263548,23.164585
1456263549,23.164379
1456263549,23.172222
1456263551,23.165205
1456263551,23.172222
1456263552,23.165205
1456263552,23.170364
1456263554,23.179861
1456263554,23.170364
1456263556,23.179861
1456263556,23.182130
1456263557,23.166030
1456263557,23.182130
1456263559,23.166030
1456263559,23.196166
1456263560,23.183368
1456263560,23.196166
1456263562,23.183368
1456263562,23.189355
1456263564,23.183368
1456263564,23.189355
1456263565,23.183368
1456263565,23.188323
1456263567,23.196992
1456263567,23.188323
1456263568,23.196992
1456263568,23.195960
1456263570,23.176763
1456263570,23.195960
1456263572,23.176763
1456263572,23.206901
1456263573,23.197200
1456263573,23.206901
1456263575,23.197200
1456263575,23.194517
1456263576,23.205663
1456263576,23.194517
1456263578,23.194103
1456263578,23.204011
1456263580,23.194103
1456263580,23.196580
1456263581,23.205869
1456263581,23.196580
1456263583,23.205869
1456263583,23.212062
1456263584,23.214952
1456263584,23.212062
1456263586,23.214952
1456263586,23.213920
1456263588,23.208965
1456263588,23.213920
1456263589,23.208965
1456263589,23.209379
1456263591,23.220113
1456263591,23.209379
1456263592,23.220113
1456263592,23.214952
1456263594,23.220113
1456263594,23.214952
1456263596,23.220113
1456263596,23.217016
1456263597,23.219699
1456263597,23.217016
1456263599,23.219699
1456263599,23.209791
1456263601,23.225687
1456263601,23.209791
1456263602,23.225687
1456263602,23.211856
1456263604,23.227544
1456263604,23.211856
1456263605,23.227544
1456263605,23.224653
1456263607,23.231672
1456263607,23.224653
1456263609,23.231672
1456263609,23.222795
1456263610,23.238691
1456263610,23.222795
1456263612,23.238691
1456263612,23.227544
1456263613,23.235593
1456263613,23.227544
1456263615,23.235593
1456263615,23.228576
1456263617,23.239723
1456263617,23.228576
1456263618,23.239723
1456263618,23.233943
1456263620,23.240549
1456263620,23.233943
1456263621,23.240549
1456263621,23.244884
1456263623,23.250043
1456263623,23.244884
1456263625,23.250043
1456263625,23.235593
1456263626,23.245916
1456263626,23.235593
1456263628,23.245916
1456263628,23.246742
1456263629,23.248805
1456263629,23.246742
1456263631,23.248805
1456263631,23.245916
1456263633,23.253141
1456263633,23.245916
1456263634,23.253141
1456263634,23.245708
1456263636,23.265939
1456263636,23.245708
1456263637,23.265939
1456263637,23.263256
1456263639,23.268621
1456263639,23.263256
1456263641,23.268621
1456263641,23.258714
1456263642,23.267177
1456263642,23.258714
1456263644,23.267177
1456263644,23.262222
1456263645,23.276466
1456263645,23.262222
1456263647,23.276466
1456263647,23.261604
1456263649,23.280801
1456263649,23.261604
1456263650,23.280801
1456263650,23.271924
1456263652,23.278944
1456263652,23.271924
1456263653,23.278944
1456263653,23.276260
1456263655,23.297521
1456263655,23.276260
1456263657,23.297521
1456263657,23.279975
1456263658,23.291328
1456263658,23.279975
1456263660,23.291328
1456263660,23.279975
1456263662,23.300205
1456263662,23.279975
1456263663,23.300205
1456263663,23.285961
1456263665,23.309494
1456263665,23.285961
1456263666,23.309494
1456263666,23.287612
1456263668,23.305366
1456263668,23.287612
1456263670,23.305366
1456263670,23.293600
1456263671,23.318370
1456263671,23.293600
1456263673,23.318370
1456263673,23.309494
1456263674,23.324150
1456263674,23.309494
1456263676,23.324150
1456263676,23.310525
1456263678,23.322912
1456263678,23.310525
1456263679,23.322912
1456263679,23.311557
1456263681,23.336742
1456263681,23.311557
1456263682,23.336742
1456263682,23.316925
1456263684,23.336122
1456263684,23.316925
1456263686,23.336122
1456263686,23.314447
1456263687,23.340869
1456263687,23.314447
1456263689,23.340869
1456263689,23.321054
1456263690,23.332818
1456263690,23.321054
1456263692,23.332818
1456263692,23.325595
1456263694,23.347269
1456263694,23.325595
1456263695,23.347269
1456263695,23.320228
1456263697,23.340869
1456263697,23.320228
1456263698,23.340869
1456263698,23.334884
1456263700,23.359655
1456263700,23.334884
1456263702,23.359655
1456263702,23.334058
1456263703,23.353874
1456263703,23.334058
1456263705,23.353874
1456263705,23.338186
1456263706,23.360687
1456263706,23.338186
1456263708,23.360687
1456263708,23.352016
1456263710,23.364402
1456263710,23.352016
1456263711,23.364402
1456263711,23.341075
1456263713,23.362751
1456263713,23.341075
1456263714,23.362751
1456263714,23.350778
1456263716,23.373279
1456263716,23.350778
1456263718,23.373279
1456263718,23.357177
1456263719,23.380502
1456263719,23.357177
1456263721,23.380502
1456263721,23.351810
1456263722,23.377820
1456263722,23.351810
1456263724,23.377820
1456263724,23.371421
1456263726,23.386489
1456263726,23.371421
1456263727,23.386489
1456263727,23.363370
1456263729,23.394126
1456263729,23.358003
1456263731,23.391857
1456263731,23.358003
1456263732,23.391857
1456263732,23.374103
1456263734,23.394952
1456263734,23.374103
1456263735,23.394952
1456263735,23.379058
1456263737,23.398462
1456263737,23.379058
1456263739,23.398462
1456263739,23.373279
1456263740,23.411260
1456263740,23.373279
1456263742,23.411260
1456263742,23.389173
1456263743,23.412706
1456263743,23.389173
1456263745,23.412706
1456263745,23.397016
1456263747,23.415182
1456263747,23.397016
1456263748,23.415182
1456263748,23.398668
1456263750,23.412706
1456263750,23.398668
1456263751,23.412706
1456263751,23.393714
1456263753,23.421169
1456263753,23.393714
1456263755,23.421169
1456263755,23.395778
1456263756,23.425710
1456263756,23.395778
1456263758,23.425710
1456263758,23.407545
1456263759,23.426742
1456263759,23.407545
1456263761,23.426742
1456263761,23.398874
1456263763,23.442842
1456263763,23.398874
1456263764,23.442842
1456263764,23.413118
1456263766,23.445320
1456263766,23.413118
1456263767,23.445320
1456263767,23.416833
1456263769,23.446557
1456263769,23.416833
1456263771,23.446557
1456263771,23.418279
1456263772,23.450481
1456263772,23.418279
1456263774,23.450481
1456263774,23.424058
1456263775,23.453577
1456263775,23.424058
1456263777,23.453577
1456263777,23.414770
1456263779,23.452957
1456263779,23.414770
1456263780,23.452957
1456263780,23.433553
1456263782,23.462865
1456263782,23.433553
1456263783,23.462865
1456263783,23.437063
1456263785,23.459770
1456263785,23.437063
1456263787,23.459770
1456263787,23.446557
1456263788,23.459976
1456263788,23.446557
1456263790,23.459976
1456263790,23.448003
1456263791,23.473806
1456263791,23.448003
1456263793,23.473806
1456263793,23.446971
1456263795,23.484952
1456263795,23.446971
1456263796,23.484952
1456263796,23.442842
1456263798,23.484746
1456263798,23.442842
1456263800,23.484746
1456263800,23.459564
1456263801,23.487224
1456263801,23.459564
1456263803,23.487224
1456263803,23.460596
1456263804,23.496307
1456263804,23.460596
1456263806,23.496307
1456263806,23.462247
1456263808,23.496925
1456263808,23.462247
1456263809,23.496925
1456263809,23.474220
1456263811,23.499402
1456263811,23.474220
1456263812,23.499402
1456263812,23.468647
1456263814,23.500434
1456263814,23.468647
1456263816,23.500434
1456263816,23.480825
1456263817,23.507247
1456263817,23.480825
1456263819,23.507247
1456263819,23.482063
1456263820,23.513647
1456263820,23.482063
1456263822,23.513647
1456263822,23.491352
1456263824,23.519220
1456263824,23.491352
1456263825,23.519220
1456263825,23.493829
1456263827,23.517774
1456263827,23.493829
1456263828,23.517774
1456263828,23.493829
1456263830,23.533256
1456263830,23.493829
1456263832,23.533256
1456263832,23.488256
1456263833,23.539655
1456263833,23.488256
1456263835,23.539655
1456263835,23.513647
1456263836,23.534908
1456263836,23.513647
1456263838,23.534908
1456263838,23.505802
1456263840,23.534702
1456263840,23.505802
1456263841,23.534702
1456263841,23.506422
1456263843,23.528921
1456263843,23.506422
1456263844,23.528921
1456263844,23.514059
1456263846,23.556375
1456263846,23.514059
1456263848,23.556375
1456263848,23.535734
1456263849,23.542133
1456263849,23.535734
1456263851,23.542133
1456263851,23.513027
1456263852,23.557407
1456263852,23.513027
1456263854,23.557407
1456263854,23.518600
1456263856,23.561122
1456263856,23.518600
1456263857,23.561122
1456263857,23.532636
1456263859,23.551422
1456263859,23.532636
1456263861,23.551422
1456263861,23.530160
1456263862,23.555137
1456263862,23.530160
1456263864,23.555137
1456263864,23.535114
1456263865,23.575778
1456263865,23.535114
1456263867,23.575778
1456263867,23.536972
1456263869,23.570413
1456263869,23.536972
1456263870,23.570413
1456263870,23.548944
1456263872,23.577224
1456263872,23.548944
1456263873,23.577224
1456263873,23.552042
1456263875,23.579702
1456263875,23.552042
1456263877,23.579702
1456263877,23.551834
1456263878,23.582592
1456263878,23.551834
1456263880,23.577430
1456263880,23.554931
1456263881,23.577430
1456263881,23.566284
1456263883,23.585687
1456263883,23.566284
1456263885,23.585687
1456263885,23.559679
1456263886,23.591054
1456263886,23.559679
1456263888,23.591054
1456263888,23.561536
1456263889,23.597660
1456263889,23.561536
1456263891,23.597660
1456263891,23.574541
1456263893,23.593532
1456263893,23.574541
1456263894,23.593532
1456263894,23.579908
1456263896,23.601583
1456263896,23.579908
1456263897,23.601583
1456263897,23.584035
1456263899,23.603233
1456263899,23.584035
1456263901,23.603233
1456263901,23.586307
1456263902,23.610046
1456263902,23.586307
1456263904,23.610046
1456263904,23.584035
1456263905,23.611078
1456263905,23.584035
1456263907,23.611078
1456263907,23.601375
1456263909,23.613967
1456263909,23.601375
1456263910,23.613967
1456263910,23.589817
1456263912,23.619541
1456263912,23.589817
1456263913,23.619541
1456263913,23.595802
1456263915,23.620573
1456263915,23.595802
1456263917,23.620573
1456263917,23.602615
1456263918,23.635023
1456263918,23.602615
1456263920,23.635023
1456263920,23.599517
1456263922,23.625734
1456263922,23.599517
1456263923,23.625734
1456263923,23.602201
1456263925,23.635435
1456263925,23.602201
1456263926,23.635435
1456263926,23.616445
1456263928,23.634403
1456263928,23.616445
1456263930,23.634403
1456263930,23.616651
1456263931,23.639152
1456263931,23.616651
1456263933,23.639152
1456263933,23.623050
1456263934,23.641216
1456263934,23.623050
1456263936,23.641216
1456263936,23.630895
1456263938,23.665573
1456263938,23.630895
1456263939,23.665573
1456263939,23.642868
1456263941,23.660619
1456263941,23.642868
1456263942,23.660619
1456263942,23.635848
1456263944,23.657110
1456263944,23.635848
1456263946,23.657110
1456263946,23.637706
1456263947,23.666399
1456263947,23.637706
1456263949,23.666399
1456263949,23.634611
1456263950,23.668670
1456263950,23.634611
1456263952,23.668670
1456263952,23.660205
1456263954,23.669288
1456263954,23.660205
1456263955,23.669288
1456263955,23.659173
1456263957,23.663923
1456263957,23.659173
1456263958,23.663923
1456263958,23.659793
1456263960,23.671560
1456263960,23.659793
1456263962,23.671560
1456263962,23.657936
1456263963,23.676927
1456263963,23.657936
1456263965,23.676927
1456263965,23.669496
1456263966,23.683944
1456263966,23.669496
1456263968,23.683944
1456263968,23.660619
1456263970,23.695299
1456263970,23.660619
1456263971,23.695299
1456263971,23.670114
1456263973,23.698188
1456263973,23.670114
1456263974,23.698188
1456263974,23.667224
1456263976,23.680849
1456263976,23.667224
1456263978,23.680849
1456263978,23.669702
1456263979,23.694267
1456263979,23.669702
1456263981,23.694267
1456263981,23.674037
1456263982,23.704793
1456263982,23.674037
1456263984,23.704793
1456263984,23.672798
1456263986,23.693441
1456263986,23.672798
1456263987,23.693441
1456263987,23.684976
1456263989,23.705825
1456263989,23.684976
1456263991,23.705825
1456263991,23.698808
1456263992,23.708715
1456263992,23.698808
1456263994,23.708715
1456263994,23.689725
1456263995,23.716766
1456263995,23.689725
1456263997,23.716766
1456263997,23.698394
1456263999,23.722133
1456263999,23.698394
1456264000,23.722133
1456264000,23.692409
1456264002,23.735137
1456264002,23.692409
1456264003,23.735137
1456264003,23.698808
1456264005,23.729152
1456264005,23.698808
1456264007,23.729152
1456264007,23.709955
1456264008,23.746078
1456264008,23.709955
1456264010,23.746078
1456264010,23.712844
1456264011,23.728738
1456264011,23.712844
1456264013,23.728738
1456264013,23.719655
1456264015,23.733486
1456264015,23.719655
1456264016,23.733486
1456264016,23.721721
1456264018,23.728326
1456264018,23.721721
1456264019,23.728326
1456264019,23.722959
1456264021,23.750619
1456264021,23.722959
1456264023,23.750619
1456264023,23.723785
1456264024,23.746078
1456264024,23.723785
1456264026,23.746078
1456264026,23.736169
1456264027,23.745252
1456264027,23.736169
1456264029,23.745252
1456264029,23.732248
1456264031,23.756193
1456264031,23.746492
1456264032,23.760734
1456264032,23.746492
1456264034,23.760734
1456264034,23.750207
1456264035,23.770229
1456264035,23.750207
1456264037,23.770229
1456264037,23.745046
1456264039,23.756813
1456264039,23.745046
1456264040,23.756813
1456264040,23.753303
1456264042,23.766101
1456264042,23.753303
1456264043,23.766101
1456264043,23.758256
1456264045,23.771469
1456264045,23.758256
1456264047,23.771469
1456264047,23.752065
1456264048,23.769405
1456264048,23.752065
1456264050,23.769405
1456264050,23.751445
1456264052,23.790460
1456264052,23.751445
1456264053,23.790460
1456264053,23.776836
1456264055,23.790046
1456264055,23.776836
1456264056,23.790046
1456264056,23.771263
1456264058,23.787776
1456264058,23.771263
1456264060,23.787776
1456264060,23.780138
1456264061,23.789014
1456264061,23.780138
1456264063,23.789014
1456264063,23.775596
1456264064,23.794176
1456264064,23.775596
1456264066,23.794176
1456264066,23.775804
1456264068,23.791284
1456264068,23.775804
1456264069,23.791284
1456264069,23.784061
1456264071,23.791284
1456264071,23.784061
1456264072,23.791284
1456264072,23.776422
1456264074,23.809450
1456264074,23.776422
1456264076,23.809450
1456264076,23.781995
1456264077,23.812753
1456264077,23.781995
1456264079,23.812753
1456264079,23.792936
1456264080,23.820184
1456264080,23.792936
1456264082,23.820184
1456264082,23.809244
1456264084,23.822454
1456264084,23.809244
1456264085,23.822454
1456264085,23.811101
1456264087,23.843303
1456264087,23.811101
1456264088,23.843303
1456264088,23.832363
1456264090,23.842065
1456264090,23.832363
1456264092,23.842065
1456264092,23.815437
1456264093,23.852386
1456264093,23.815437
1456264095,23.852386
1456264095,23.828441
1456264096,23.849702
1456264096,23.828441
1456264098,23.849702
1456264098,23.831537
1456264100,23.851766
1456264100,23.831537
1456264101,23.851766
1456264101,23.840208
1456264103,23.855690
1456264103,23.840208
1456264104,23.855690
1456264104,23.851354
1456264106,23.856927
1456264106,23.851354
1456264108,23.856927
1456264108,23.848670
1456264109,23.868694
1456264109,23.848670
1456264111,23.868694
1456264111,23.854450
1456264112,23.858373
1456264112,23.854450
1456264114,23.858373
1456264114,23.855482
1456264116,23.886445
1456264116,23.855482
1456264117,23.886445
1456264117,23.858373
1456264119,23.882110
1456264119,23.858373
1456264121,23.882110
1456264121,23.871171
1456264122,23.883968
1456264122,23.871171
1456264124,23.883968
1456264124,23.872615
1456264125,23.883968
1456264125,23.872615
1456264127,23.883968
1456264127,23.874061
1456264129,23.899864
1456264129,23.874061
1456264130,23.899864
1456264130,23.874061
1456264132,23.898624
1456264132,23.874061
1456264133,23.898624
1456264133,23.890575
1456264135,23.906469
1456264135,23.890575
1456264137,23.906469
1456264137,23.891813
1456264138,23.914932
1456264138,23.891813
1456264140,23.914932
1456264140,23.893465
1456264141,23.912456
1456264141,23.893465
1456264143,23.912456
1456264143,23.898624
1456264145,23.905437
1456264145,23.898624
1456264146,23.905437
1456264146,23.884794
1456264148,23.901927
1456264148,23.884794
1456264149,23.901927
1456264149,23.903579
1456264151,23.912662
1456264151,23.903579
1456264153,23.912662
1456264153,23.907915
1456264154,23.924428
1456264154,23.907915
1456264156,23.924428
1456264156,23.905231
1456264157,23.930620
1456264157,23.905231
1456264159,23.930620
1456264159,23.914106
1456264161,23.917615
1456264161,23.914106
1456264162,23.917615
1456264162,23.910804
1456264164,23.923395
1456264164,23.910804
1456264165,23.923395
1456264165,23.913694
1456264167,23.932685
1456264167,23.913694
1456264169,23.932685
1456264169,23.917615
1456264170,23.923395
1456264170,23.917615
1456264172,23.923395
1456264172,23.923395
1456264173,23.935575
1456264173,23.923395
1456264175,23.935575
1456264175,23.915964
1456264177,23.926904
1456264177,23.915964
1456264178,23.926904
1456264178,23.938877
1456264180,23.930002
1456264180,23.938877
1456264181,23.951057
1456264181,23.929794
1456264183,23.951057
1456264183,23.928970
1456264185,23.930828
1456264185,23.928970
1456264186,23.930828
1456264186,23.921745
1456264188,23.950643
1456264188,23.921745
1456264190,23.950643
1456264190,23.934749
1456264191,23.947134
1456264191,23.934749
1456264193,23.947134
1456264193,23.939910
1456264194,23.954359
1456264194,23.939910
1456264196,23.954359
1456264196,23.938051
1456264198,23.945070
1456264198,23.938051
1456264199,23.945070
1456264199,23.964473
1456264201,23.958282
1456264201,23.964473
1456264202,23.958282
1456264202,23.932891
1456264204,23.961378
1456264204,23.932891
1456264206,23.961378
1456264206,23.948785
1456264207,23.964267
1456264207,23.948785
1456264209,23.964267
1456264209,23.959520
1456264210,23.964887
1456264210,23.959520
1456264212,23.964887
1456264212,23.953121
1456264214,23.976034
1456264214,23.953121
1456264215,23.976034
1456264215,23.978717
1456264217,23.965505
1456264217,23.978717
1456264218,23.965505
1456264218,23.974588
1456264220,23.967157
1456264220,23.974588
1456264222,23.967157
1456264222,23.975208
1456264223,23.973350
1456264223,23.975208
1456264225,23.973350
1456264225,23.990690
1456264226,23.975002
1456264226,23.990690
1456264228,23.975002
1456264228,23.991102
1456264230,23.980987
1456264230,23.991102
1456264231,23.980987
1456264231,23.984703
1456264233,23.977272
1456264233,23.984703
1456264234,23.977272
1456264234,23.986148
1456264236,23.977685
1456264236,23.986148
1456264238,23.977685
1456264238,23.991516
1456264239,23.990896
1456264239,23.991516
1456264241,23.990896
1456264241,23.991102
1456264242,23.992341
1456264242,23.991102
1456264244,23.992341
1456264244,23.985734
1456264246,23.990276
1456264246,23.985734
1456264247,23.990276
1456264247,24.003282
1456264249,23.988832
1456264249,24.003282
1456264251,23.988832
1456264251,23.997089
1456264252,24.001216
1456264252,23.997089
1456264254,24.001216
1456264254,24.004108
1456264255,23.995437
1456264255,24.004108
1456264257,23.995437
1456264257,24.013397
1456264259,24.004520
1456264259,24.013397
1456264260,24.004520
1456264260,24.005140
1456264262,24.001010
1456264262,24.005140
1456264263,24.001010
1456264263,24.011125
1456264265,23.992134
1456264265,24.011125
1456264267,23.992134
1456264267,24.014635
1456264268,24.008029
1456264268,24.014635
1456264270,24.008029
1456264270,24.027639
1456264271,24.003900
1456264271,24.027639
1456264273,24.003900
1456264273,24.016286
1456264275,23.999567
1456264275,24.016286
1456264276,23.999567
1456264276,24.015047
1456264278,24.026401
1456264278,24.015047
1456264279,24.026401
1456264279,24.015666
1456264281,24.013397
1456264281,24.015666
1456264283,24.013397
1456264283,24.035690
1456264284,24.023923
1456264284,24.035690
1456264286,24.023923
1456264286,24.036102
1456264287,24.028879
1456264287,24.036102
1456264289,24.028879
1456264289,24.035896
1456264291,24.043535
1456264291,24.035896
1456264292,24.043535
1456264292,24.045804
1456264294,24.044153
1456264294,24.045804
1456264295,24.044153
1456264295,24.057571
1456264297,24.045185
1456264297,24.057571
1456264299,24.045185
1456264299,24.066240
1456264300,24.056125
1456264300,24.066240
1456264302,24.056125
1456264302,24.068717
1456264303,24.056745
1456264303,24.068717
1456264305,24.056745
1456264305,24.058189
1456264307,24.043121
1456264307,24.058189
1456264308,24.043121
1456264308,24.062938
1456264310,24.056539
1456264310,24.062938
1456264311,24.056539
1456264311,24.066654
1456264313,24.077594
1456264313,24.066654
1456264315,24.077594
1456264315,24.071607
1456264316,24.078626
1456264316,24.071607
1456264318,24.078626
1456264318,24.078626
1456264320,24.085231
1456264320,24.078626
1456264321,24.085231
1456264321,24.085851
1456264323,24.085437
1456264323,24.085851
1456264324,24.085437
1456264324,24.082754
1456264326,24.092250
1456264326,24.082754
1456264328,24.092250
1456264328,24.090805
1456264329,24.089773
1456264329,24.090805
1456264331,24.089773
1456264331,24.097824
1456264332,24.094108
1456264332,24.097204
1456264334,24.094726
1456264334,24.097204
1456264336,24.094726
1456264336,24.092662
1456264337,24.102365
1456264337,24.092662
1456264339,24.102365
1456264339,24.119911
1456264340,24.107318
1456264340,24.119911
1456264342,24.107318
1456264342,24.112892
1456264344,24.113718
1456264344,24.112892
1456264345,24.113718
1456264345,24.126310
1456264347,24.116813
1456264347,24.126310
1456264348,24.116813
1456264348,24.108970
1456264350,24.122388
1456264350,24.108970
1456264352,24.122388
1456264352,24.120737
1456264353,24.133121
1456264353,24.120737
1456264355,24.133121
1456264355,24.133327
1456264356,24.121355
1456264356,24.133327
1456264358,24.121355
1456264358,24.133741
1456264360,24.134153
1456264360,24.133741
1456264361,24.134153
1456264361,24.132295
1456264363,24.138902
1456264363,24.132295
1456264364,24.138902
1456264364,24.137042
1456264366,24.144062
1456264366,24.137042
1456264368,24.144062
1456264368,24.134567
1456264369,24.151287
1456264369,24.134567
1456264371,24.151287
1456264371,24.150461
1456264372,24.148397
1456264372,24.150461
1456264374,24.148397
1456264374,24.165531
1456264376,24.152938
1456264376,24.165531
1456264377,24.152938
1456264377,24.160163
1456264379,24.165323
1456264379,24.160163
1456264381,24.165323
1456264381,24.151906
1456264382,24.175025
1456264382,24.151906
1456264384,24.175025
1456264384,24.170072
1456264385,24.168420
1456264385,24.170072
1456264387,24.168420
1456264387,24.161607
1456264389,24.170278
1456264389,24.161607
1456264390,24.170278
1456264390,24.163053
1456264392,24.169452
1456264392,24.163053
1456264393,24.169452
1456264393,24.177089
1456264395,24.183076
1456264395,24.177089
1456264397,24.183076
1456264397,24.172962
1456264398,24.191125
1456264398,24.172962
1456264400,24.191125
1456264400,24.184108
1456264401,24.181219
1456264401,24.184108
1456264403,24.181219
1456264403,24.184726
1456264405,24.196493
1456264405,24.184726
1456264406,24.196493
1456264406,24.178535
1456264408,24.192159
1456264408,24.178535
1456264409,24.192159
1456264409,24.189268
1456264411,24.198970
1456264411,24.189268
1456264413,24.198970
1456264413,24.189888
1456264414,24.206195
1456264414,24.189888
1456264416,24.206195
1456264416,24.202274
1456264417,24.203100
1456264417,24.202274
1456264419,24.203100
1456264419,24.202686
1456264421,24.201448
1456264421,24.202686
1456264422,24.201448
1456264422,24.212388
1456264424,24.206195
1456264424,24.212388
1456264425,24.206195
1456264425,24.201860
1456264427,24.204132
1456264427,24.201860
1456264429,24.204132
1456264429,24.206815
1456264430,24.214658
1456264430,24.206815
1456264432,24.214658
1456264432,24.213832
1456264433,24.209705
1456264433,24.213832
1456264435,24.209705
1456264435,24.204957
1456264437,24.218168
1456264437,24.204957
1456264438,24.218168
1456264438,24.224153
1456264440,24.214658
1456264440,24.224153
1456264441,24.214658
1456264441,24.222503
1456264443,24.213006
1456264443,24.222503
1456264445,24.213006
1456264445,24.226631
1456264446,24.221057
1456264446,24.226631
1456264448,24.221057
1456264448,24.236333
1456264450,24.231172
1456264450,24.236333
1456264451,24.231172
1456264451,24.238191
1456264453,24.219406
1456264453,24.238191
1456264454,24.219406
1456264454,24.234270
1456264456,24.210117
1456264456,24.234270
1456264458,24.210117
1456264458,24.235507
1456264459,24.210737
1456264459,24.235507
1456264461,24.210737
1456264461,24.230552
1456264462,24.211975
1456264462,24.230552
1456264464,24.211975
1456264464,24.237571
1456264466,24.231586
1456264466,24.237571
1456264467,24.231586
1456264467,24.235507
1456264469,24.218580
1456264469,24.235507
1456264470,24.218580
1456264470,24.230140
1456264472,24.217136
1456264472,24.230140
1456264474,24.217136
1456264474,24.244590
1456264475,24.230552
1456264475,24.244590
1456264477,24.230552
1456264477,24.243350
1456264478,24.219614
1456264478,24.243350
1456264480,24.219614
1456264480,24.229728
1456264482,24.229934
1456264482,24.229728
1456264483,24.229934
1456264483,24.248512
1456264485,24.221883
1456264485,24.245416
1456264486,24.218580
1456264486,24.245416
1456264488,24.218580
1456264488,24.246448
1456264490,24.226425
1456264490,24.246448
1456264491,24.226425
1456264491,24.243764
1456264493,24.224979
1456264493,24.243764
1456264494,24.224979
1456264494,24.236539
1456264496,24.215896
1456264496,24.236539
1456264498,24.215896
1456264498,24.241907
1456264499,24.220645
1456264499,24.241907
1456264501,24.220645
1456264501,24.249132
1456264502,24.218994
1456264502,24.249132
1456264504,24.218994
1456264504,24.250576
1456264506,24.219820
1456264506,24.250576
1456264507,24.219820
1456264507,24.245208
1456264509,24.222709
1456264509,24.245208
1456264510,24.222709
1456264510,24.252021
1456264512,24.225805
1456264512,24.252021
1456264514,24.225805
1456264514,24.261930
1456264515,24.224567
1456264515,24.261930
1456264517,24.224567
1456264517,24.252641
1456264519,24.224979
1456264519,24.252641
1456264520,24.224979
1456264520,24.249750
1456264522,24.233030
1456264522,24.249750
1456264523,24.233030
1456264523,24.262342
1456264525,24.227663
1456264525,24.262342
1456264527,24.227663
1456264527,24.249544
1456264528,24.226425
1456264528,24.249544
1456264530,24.226425
1456264530,24.272457
1456264531,24.235919
1456264531,24.272457
1456264533,24.235919
1456264533,24.261104
1456264535,24.221883
1456264535,24.261104
1456264536,24.221883
1456264536,24.255323
1456264538,24.236333
1456264538,24.255323
1456264539,24.236333
1456264539,24.254085
1456264541,24.228902
1456264541,24.254085
1456264543,24.228902
1456264543,24.257181
1456264544,24.239843
1456264544,24.257181
1456264546,24.239843
1456264546,24.259040
1456264547,24.222503
1456264547,24.259040
1456264549,24.222503
1456264549,24.252227
1456264551,24.239223
1456264551,24.252227
1456264552,24.239223
1456264552,24.264406
1456264554,24.235094
1456264554,24.264406
1456264555,24.235094
1456264555,24.272251
1456264557,24.232824
1456264557,24.272251
1456264559,24.232824
1456264559,24.271219
1456264560,24.237365
1456264560,24.271219
1456264562,24.237365
1456264562,24.266471
1456264563,24.239017
1456264563,24.266471
1456264565,24.239017
1456264565,24.270805
1456264567,24.241081
1456264567,24.270805
1456264568,24.241081
1456264568,24.258832
1456264570,24.240461
1456264570,24.258832
1456264571,24.240461
1456264571,24.271631
1456264573,24.246242
1456264573,24.271631
1456264575,24.246242
1456264575,24.274934
1456264576,24.246654
1456264576,24.274934
1456264578,24.246654
1456264578,24.275966
1456264580,24.247686
1456264580,24.275966
1456264581,24.247686
1456264581,24.272663
1456264583,24.256357
1456264583,24.272663
1456264584,24.256357
1456264584,24.276792
1456264586,24.254911
1456264586,24.276792
1456264588,24.254911
1456264588,24.270599
1456264589,24.255117
1456264589,24.270599
1456264591,24.255117
1456264591,24.281539
1456264592,24.251815
1456264592,24.281539
1456264594,24.251815
1456264594,24.278444
1456264596,24.234682
1456264596,24.278444
1456264597,24.234682
1456264597,24.276792
1456264599,24.250783
1456264599,24.276792
1456264600,24.250783
1456264600,24.283397
1456264602,24.257389
1456264602,24.283397
1456264604,24.257389
1456264604,24.278030
1456264605,24.244796
1456264605,24.278030
1456264607,24.244796
1456264607,24.278236
1456264608,24.244796
1456264608,24.278236
1456264610,24.244796
1456264610,24.274728
1456264612,24.247066
1456264612,24.274728
1456264613,24.247066
1456264613,24.287113
1456264615,24.248100
1456264615,24.287113
1456264616,24.248100
1456264616,24.297021
1456264618,24.252847
1456264618,24.297021
1456264620,24.252847
1456264620,24.285669
1456264621,24.248306
1456264621,24.285669
1456264623,24.248306
1456264623,24.291034
1456264624,24.246654
1456264624,24.291034
1456264626,24.246654
1456264626,24.281953
1456264628,24.255943
1456264628,24.281953
1456264629,24.255943
1456264629,24.280920
1456264631,24.255117
1456264631,24.280920
1456264632,24.255117
1456264632,24.279682
1456264634,24.253673
1456264634,24.279682
1456264636,24.253673
1456264636,24.281953
1456264637,24.266883
1456264637,24.299705
1456264639,24.265232
1456264639,24.299705
1456264640,24.265232
1456264640,24.287527
1456264642,24.258214
1456264642,24.287527
1456264644,24.258214
1456264644,24.287319
1456264645,24.261516
1456264645,24.287319
1456264647,24.261516
1456264647,24.299911
1456264649,24.263374
1456264649,24.299911
1456264650,24.263374
1456264650,24.301357
1456264652,24.263788
1456264652,24.301357
1456264653,24.263788
1456264653,24.305072
1456264655,24.272251
1456264655,24.305072
1456264657,24.272251
1456264657,24.304040
1456264658,24.275346
1456264658,24.304040
1456264660,24.275346
1456264660,24.289384
1456264661,24.271013
1456264661,24.289384
1456264663,24.271013
1456264663,24.295164
1456264665,24.263168
1456264665,24.295164
1456264666,24.263168
1456264666,24.295164
1456264668,24.271425
1456264668,24.295164
1456264669,24.271425
1456264669,24.296607
1456264671,24.277412
1456264671,24.296607
1456264673,24.277412
1456264673,24.288764
1456264674,24.275346
1456264674,24.288764
1456264676,24.275346
1456264676,24.304658
1456264677,24.285049
1456264677,24.304658
1456264679,24.285049
1456264679,24.312297
1456264681,24.272045
1456264681,24.312297
1456264682,24.272045
1456264682,24.297847
1456264684,24.272457
1456264684,24.297847
1456264685,24.272457
1456264685,24.302595
1456264687,24.284843
1456264687,24.302595
1456264689,24.284843
1456264689,24.299085
1456264690,24.279682
1456264690,24.299085
1456264692,24.279682
1456264692,24.304452
1456264693,24.287939
1456264693,24.304452
1456264695,24.287939
1456264695,24.308582
1456264697,24.291242
1456264697,24.308582
1456264698,24.291242
1456264698,24.316219
1456264700,24.284843
1456264700,24.316219
1456264701,24.284843
1456264701,24.313741
1456264703,24.294132
1456264703,24.313741
1456264705,24.294132
1456264705,24.299085
1456264706,24.289796
1456264706,24.299085
1456264708,24.289796
1456264708,24.309614
1456264710,24.291448
1456264710,24.309614
1456264711,24.291448
1456264711,24.311883
1456264713,24.289384
1456264713,24.311883
1456264714,24.289384
1456264714,24.315599
1456264716,24.288145
1456264716,24.315599
1456264718,24.288145
1456264718,24.321380
1456264719,24.287113
1456264719,24.321380
1456264721,24.287113
1456264721,24.312915
1456264722,24.297641
1456264722,24.312915
1456264724,24.297641
1456264724,24.311264
1456264726,24.285049
1456264726,24.311264
1456264727,24.285049
1456264727,24.316013
1456264729,24.292068
1456264729,24.316013
1456264730,24.292068
1456264730,24.324476
1456264732,24.295783
1456264732,24.324476
1456264734,24.295783
1456264734,24.322204
1456264735,24.305278
1456264735,24.322204
1456264737,24.305278
1456264737,24.311883
1456264738,24.294958
1456264738,24.311883
1456264740,24.294958
1456264740,24.313123
1456264742,24.286701
1456264742,24.313123
1456264743,24.286701
1456264743,24.312297
1456264745,24.298467
1456264745,24.312297
1456264746,24.298467
1456264746,24.321792
1456264748,24.300737
1456264748,24.321792
1456264750,24.300737
1456264750,24.320966
1456264751,24.299705
1456264751,24.320966
1456264753,24.299705
1456264753,24.315187
1456264754,24.296607
1456264754,24.315187
1456264756,24.296607
1456264756,24.325508
1456264758,24.304658
1456264758,24.325508
1456264759,24.304658
1456264759,24.327985
1456264761,24.308788
1456264761,24.327985
1456264762,24.308788
1456264762,24.330669
1456264764,24.294958
1456264764,24.330669
1456264766,24.294958
1456264766,24.329017
1456264767,24.314981
1456264767,24.329017
1456264769,24.314981
1456264769,24.334384
1456264771,24.301975
1456264771,24.334384
1456264772,24.301975
1456264772,24.325714
1456264774,24.304452
1456264774,24.325714
1456264775,24.304452
1456264775,24.325714
1456264777,24.308374
1456264777,24.325714
1456264779,24.308374
1456264779,24.330049
1456264780,24.306930
1456264780,24.330049
1456264782,24.306930
1456264782,24.339132
1456264783,24.313741
1456264783,24.339132
1456264785,24.313741
1456264785,24.340164
1456264787,24.302595
1456264787,24.340164
1456264788,24.302595
1456264788,24.336448
1456264790,24.305072
1456264790,24.345737
1456264791,24.320966
1456264791,24.345737
1456264793,24.320966
1456264793,24.345737
1456264795,24.322824
1456264795,24.345737
1456264796,24.322824
1456264796,24.349658
1456264798,24.322618
1456264798,24.349658
1456264799,24.322618
1456264799,24.349040
1456264801,24.313535
1456264801,24.349040
1456264803,24.313535
1456264803,24.343879
1456264804,24.317045
1456264804,24.343879
1456264806,24.317045
1456264806,24.357709
1456264807,24.320760
1456264807,24.357709
1456264809,24.320760
1456264809,24.349866
1456264811,24.323856
1456264811,24.349866
1456264812,24.323856
1456264812,24.347183
1456264814,24.322204
1456264814,24.347183
1456264815,24.322204
1456264815,24.335416
1456264817,24.330049
1456264817,24.335416
1456264819,24.330049
1456264819,24.346357
1456264820,24.322204
1456264820,24.346357
1456264822,24.322204
1456264822,24.360807
1456264823,24.323444
1456264823,24.360807
1456264825,24.323444
1456264825,24.344085
1456264827,24.328397
1456264827,24.344085
1456264828,24.328397
1456264828,24.346357
1456264830,24.320760
1456264830,24.346357
1456264831,24.320760
1456264831,24.354614
1456264833,24.314773
1456264833,24.354614
1456264835,24.314773
1456264835,24.351310
1456264836,24.325508
1456264836,24.351310
1456264838,24.325508
1456264838,24.350484
1456264840,24.310646
1456264840,24.350484
1456264841,24.310646
1456264841,24.351930
1456264843,24.319314
1456264843,24.351930
1456264844,24.319314
1456264844,24.360599
1456264846,24.335210
1456264846,24.360599
1456264848,24.335210
1456264848,24.355646
1456264849,24.330255
1456264849,24.355646
1456264851,24.330255
1456264851,24.358329
1456264852,24.330461
1456264852,24.358329
1456264854,24.330461
1456264854,24.364934
1456264856,24.338100
1456264856,24.364934
1456264857,24.338100
1456264857,24.357089
1456264859,24.333145
1456264859,24.357089
1456264860,24.333145
1456264860,24.362251
1456264862,24.342433
1456264862,24.362251
1456264864,24.342433
1456264864,24.358329
1456264865,24.344705
1456264865,24.358329
1456264867,24.344705
1456264867,24.360393
1456264868,24.332733
1456264868,24.360393
1456264870,24.332733
1456264870,24.365760
1456264872,24.343259
1456264872,24.365760
1456264873,24.343259
1456264873,24.362457
1456264875,24.346151
1456264875,24.362457
1456264876,24.346151
1456264876,24.367204
1456264878,24.333971
1456264878,24.367204
1456264880,24.333971
1456264880,24.350898
1456264881,24.344085
1456264881,24.350898
1456264883,24.344085
1456264883,24.363283
1456264884,24.334384
1456264884,24.363283
1456264886,24.334384
1456264886,24.365760
1456264888,24.341609
1456264888,24.365760
1456264889,24.341609
1456264889,24.366380
1456264891,24.339132
1456264891,24.366380
1456264892,24.339132
1456264892,24.363283
1456264894,24.340990
1456264894,24.363283
1456264896,24.340990
1456264896,24.371746
1456264897,24.339752
1456264897,24.371746
1456264899,24.339752
1456264899,24.370302
1456264900,24.353788
1456264900,24.370302
1456264902,24.353788
1456264902,24.365966
1456264904,24.342847
1456264904,24.365966
1456264905,24.342847
1456264905,24.374223
1456264907,24.345943
1456264907,24.374223
1456264909,24.345943
1456264909,24.370508
1456264910,24.356884
1456264910,24.370508
1456264912,24.356884
1456264912,24.386610
1456264913,24.347595
1456264913,24.386610
1456264915,24.347595
1456264915,24.373811
1456264917,24.368650
1456264917,24.373811
1456264918,24.368650
1456264918,24.365554
1456264920,24.357915
1456264920,24.365554
1456264921,24.357915
1456264921,24.385578
1456264923,24.349658
1456264923,24.385578
1456264925,24.349658
1456264925,24.373603
1456264926,24.350072
1456264926,24.373603
1456264928,24.350072
1456264928,24.378145
1456264929,24.356472
1456264929,24.378145
1456264931,24.356472
1456264931,24.381654
1456264933,24.346769
1456264933,24.381654
1456264934,24.346769
1456264934,24.379384
1456264936,24.351104
1456264936,24.379384
1456264937,24.351104
1456264937,24.390737
1456264939,24.365554
1456264939,24.390737
1456264941,24.365554
1456264941,24.388259
1456264942,24.358329
1456264942,24.383926
1456264944,24.362251
1456264944,24.383926
1456264945,24.362251
1456264945,24.383718
1456264947,24.356884
1456264947,24.383718
1456264949,24.356884
1456264949,24.389293
1456264950,24.361013
1456264950,24.389293
1456264952,24.361013
1456264952,24.385990
1456264953,24.356266
1456264953,24.385990
1456264955,24.356266
1456264955,24.380416
1456264957,24.368444
1456264957,24.380416
1456264958,24.368444
1456264958,24.388467
1456264960,24.379384
1456264960,24.388467
1456264961,24.379384
1456264961,24.398994
1456264963,24.371540
1456264963,24.398994
1456264965,24.371540
1456264965,24.401884
1456264966,24.367618
1456264966,24.401884
1456264968,24.367618
1456264968,24.394247
1456264970,24.374843
1456264970,24.394247
1456264971,24.374843
1456264971,24.403535
1456264973,24.383718
1456264973,24.403535
1456264974,24.383718
1456264974,24.397136
1456264976,24.387228
1456264976,24.397136
1456264978,24.387228
1456264978,24.410760
1456264979,24.387435
1456264979,24.410760
1456264981,24.387435
1456264981,24.395278
1456264982,24.390943
1456264982,24.395278
1456264984,24.390943
1456264984,24.410966
1456264986,24.401266
1456264986,24.410966
1456264987,24.401266
1456264987,24.419017
1456264989,24.400026
1456264989,24.419017
1456264990,24.400026
1456264990,24.410140
1456264992,24.398994
1456264992,24.410140
1456264994,24.398994
1456264994,24.412618
1456264995,24.398788
1456264995,24.412618
1456264997,24.398788
1456264997,24.417572
1456264998,24.399614
1456264998,24.417572
1456265000,24.399614
1456265000,24.419223
1456265002,24.408491
1456265002,24.419223
1456265003,24.408491
1456265003,24.425622
1456265005,24.410140
1456265005,24.425622
1456265006,24.410140
1456265006,24.430990
1456265008,24.407045
1456265008,24.430990
1456265010,24.407045
1456265010,24.437389
1456265011,24.402709
1456265011,24.437389
1456265013,24.402709
1456265013,24.442962
1456265014,24.404155
1456265014,24.442962
1456265016,24.404155
1456265016,24.438215
1456265018,24.408491
1456265018,24.438215
1456265019,24.408491
1456265019,24.431402
1456265021,24.415922
1456265021,24.431402
1456265022,24.415922
1456265022,24.440485
1456265024,24.419017
1456265024,24.440485
1456265026,24.419017
1456265026,24.435943
1456265027,24.406425
1456265027,24.435943
1456265029,24.406425
1456265029,24.438627
1456265030,24.419843
1456265030,24.438627
1456265032,24.419843
1456265032,24.436977
1456265034,24.410348
1456265034,24.436977
1456265035,24.410348
1456265035,24.445852
1456265037,24.403123
1456265037,24.445852
1456265039,24.403123
1456265039,24.428512
1456265040,24.397342
1456265040,24.428512
1456265042,24.397342
1456265042,24.433053
1456265043,24.414064
1456265043,24.433053
1456265045,24.414064
1456265045,24.433673
1456265047,24.401266
1456265047,24.433673
1456265048,24.401266
1456265048,24.441104
1456265050,24.397550
1456265050,24.441104
1456265051,24.397550
1456265051,24.431402
1456265053,24.414476
1456265053,24.431402
1456265055,24.414476
1456265055,24.429544
1456265056,24.398168
1456265056,24.429544
1456265058,24.398168
1456265058,24.433261
1456265059,24.397962
1456265059,24.433261
1456265061,24.397962
1456265061,24.437183
1456265063,24.401058
1456265063,24.437183
1456265064,24.401058
1456265064,24.425828
1456265066,24.402091
1456265066,24.425828
1456265067,24.402091
1456265067,24.427068
1456265069,24.390943
1456265069,24.427068
1456265071,24.390943
1456265071,24.430784
1456265072,24.397550
1456265072,24.430784
1456265074,24.397550
1456265074,24.428926
1456265075,24.398374
1456265075,24.428926
1456265077,24.398374
1456265077,24.433467
1456265079,24.406013
1456265079,24.433467
1456265080,24.406013
1456265080,24.430370
1456265082,24.397756
1456265082,24.430370
1456265083,24.397756
1456265083,24.433261
1456265085,24.397550
1456265085,24.433261
1456265087,24.397550
1456265087,24.425828
1456265088,24.405187
1456265088,24.425828
1456265090,24.405187
1456265090,24.432228
1456265091,24.399614
1456265091,24.432228
1456265093,24.399614
1456265093,24.431402
1456265095,24.402709
1456265095,24.431610
1456265096,24.394453
1456265096,24.431610
1456265098,24.394453
1456265098,24.427068
1456265100,24.396516
1456265100,24.427068
1456265101,24.396516
1456265101,24.417779
1456265103,24.410348
1456265103,24.417779
1456265104,24.410348
1456265104,24.442756
1456265106,24.411380
1456265106,24.442756
1456265108,24.411380
1456265108,24.422733
1456265109,24.404567
1456265109,24.422733
1456265111,24.404567
1456265111,24.442342
1456265112,24.398994
1456265112,24.442342
1456265114,24.398994
1456265114,24.418811
1456265116,24.400852
1456265116,24.418811
1456265117,24.400852
1456265117,24.440898
1456265119,24.399408
1456265119,24.440898
1456265120,24.399408
1456265120,24.431816
1456265122,24.402709
1456265122,24.431816
1456265124,24.402709
1456265124,24.429544
1456265125,24.408077
1456265125,24.429544
1456265127,24.408077
1456265127,24.441310
1456265128,24.406839
1456265128,24.441310
1456265130,24.406839
1456265130,24.429544
1456265132,24.401472
1456265132,24.429544
1456265133,24.401472
1456265133,24.433261
1456265135,24.405187
1456265135,24.433261
1456265136,24.405187
1456265136,24.439659
1456265138,24.406219
1456265138,24.439659
1456265140,24.406219
1456265140,24.433467
1456265141,24.398582
1456265141,24.433467
1456265143,24.398582
1456265143,24.430370
1456265144,24.412412
1456265144,24.430370
1456265146,24.412412
1456265146,24.432641
1456265148,24.412824
1456265148,24.432641
1456265149,24.412824
1456265149,24.436563
1456265151,24.402503
1456265151,24.436563
1456265152,24.402503
1456265152,24.440073
1456265154,24.403329
1456265154,24.440073
1456265156,24.403329
1456265156,24.436357
1456265157,24.406631
1456265157,24.436357
1456265159,24.406631
1456265159,24.432641
1456265160,24.415302
1456265160,24.432641
1456265162,24.415302
1456265162,24.435531
1456265164,24.404361
1456265164,24.435531
1456265165,24.404361
1456265165,24.433879
1456265167,24.388879
1456265167,24.433879
1456265169,24.388879
1456265169,24.436151
1456265170,24.396724
1456265170,24.436151
1456265172,24.396724
1456265172,24.447298
1456265173,24.404567
1456265173,24.447298
1456265175,24.404567
1456265175,24.434499
1456265177,24.402503
1456265177,24.434499
1456265178,24.402503
1456265178,24.440073
1456265180,24.409729
1456265180,24.440073
1456265181,24.409729
1456265181,24.435531
1456265183,24.412618
1456265183,24.435531
1456265185,24.412618
1456265185,24.448535
1456265186,24.415096
1456265186,24.448535
1456265188,24.415096
1456265188,24.446678
1456265189,24.405187
1456265189,24.446678
1456265191,24.405187
1456265191,24.447917
1456265193,24.410348
1456265193,24.447917
1456265194,24.410348
1456265194,24.434499
1456265196,24.395484
1456265196,24.434499
1456265197,24.395484
1456265197,24.440692
1456265199,24.407871
1456265199,24.440692
1456265201,24.407871
1456265201,24.439867
1456265202,24.402091
1456265202,24.439867
1456265204,24.402091
1456265204,24.446884
1456265205,24.404567
1456265205,24.446884
1456265207,24.404567
1456265207,24.438009
1456265209,24.406219
1456265209,24.438009
1456265210,24.406219
1456265210,24.446058
1456265212,24.406425
1456265212,24.446058
1456265213,24.406425
1456265213,24.438835
1456265215,24.410760
1456265215,24.438835
1456265217,24.410760
1456265217,24.433673
1456265218,24.414476
1456265218,24.433673
1456265220,24.414476
1456265220,24.459890
1456265221,24.404981
1456265221,24.459890
1456265223,24.404981
1456265223,24.442136
1456265225,24.401472
1456265225,24.442136
1456265226,24.401472
1456265226,24.450599
1456265228,24.414270
1456265228,24.450599
1456265230,24.414270
1456265230,24.455141
1456265231,24.418605
1456265231,24.455141
1456265233,24.418605
1456265233,24.440073
1456265234,24.419429
1456265234,24.440073
1456265236,24.419429
1456265236,24.442342
1456265238,24.422527
1456265238,24.442342
1456265239,24.422527
1456265239,24.454109
1456265241,24.407457
1456265241,24.454109
1456265242,24.407457
1456265242,24.443994
1456265244,24.409109
1456265244,24.443994
1456265246,24.419429
1456265246,24.440898
1456265247,24.419429
1456265247,24.446884
1456265249,24.422939
1456265249,24.446884
1456265250,24.422939
1456265250,24.451219
1456265252,24.419843
1456265252,24.451219
1456265254,24.419843
1456265254,24.456174
1456265255,24.415302
1456265255,24.456174
1456265257,24.415302
1456265257,24.449155
1456265258,24.417985
1456265258,24.449155
1456265260,24.417985
1456265260,24.442756
1456265262,24.411792
1456265262,24.442756
1456265263,24.411792
1456265263,24.448949
1456265265,24.408491
1456265265,24.448949
1456265266,24.408491
1456265266,24.452871
1456265268,24.410140
1456265268,24.452871
1456265270,24.410140
1456265270,24.468971
1456265271,24.428720
1456265271,24.468971
1456265273,24.428720
1456265273,24.449775
1456265274,24.423145
1456265274,24.449775
1456265276,24.423145
1456265276,24.450807
1456265278,24.416540
1456265278,24.450807
1456265279,24.416540
1456265279,24.449155
1456265281,24.418191
1456265281,24.449155
1456265282,24.418191
1456265282,24.455760
1456265284,24.428512
1456265284,24.455760
1456265286,24.428512
1456265286,24.460922
1456265287,24.420875
1456265287,24.460922
1456265289,24.420875
1456265289,24.447710
1456265290,24.419843
1456265290,24.447710
1456265292,24.419843
1456265292,24.463811
1456265294,24.422321
1456265294,24.463811
1456265295,24.422321
1456265295,24.462160
1456265297,24.425622
1456265297,24.462160
1456265299,24.425622
1456265299,24.467113
1456265300,24.413650
1456265300,24.467113
1456265302,24.413650
1456265302,24.450393
1456265303,24.423559
1456265303,24.450393
1456265305,24.423559
1456265305,24.462779
1456265307,24.417779
1456265307,24.462779
1456265308,24.417779
1456265308,24.460302
1456265310,24.422527
1456265310,24.460302
1456265311,24.422527
1456265311,24.453491
1456265313,24.415302
1456265313,24.453491
1456265315,24.415302
1456265315,24.458444
1456265316,24.421701
1456265316,24.458444
1456265318,24.421701
1456265318,24.455141
1456265319,24.413650
1456265319,24.455141
1456265321,24.413650
1456265321,24.462366
1456265323,24.425004
1456265323,24.462366
1456265324,24.425004
1456265324,24.465875
1456265326,24.413444
1456265326,24.465875
1456265327,24.413444
1456265327,24.449567
1456265329,24.422527
1456265329,24.449567
1456265331,24.422527
1456265331,24.460714
1456265332,24.421495
1456265332,24.460714
1456265334,24.421495
1456265334,24.467113
1456265335,24.436769
1456265335,24.467113
1456265337,24.436769
1456265337,24.452871
1456265339,24.417779
1456265339,24.452871
1456265340,24.417779
1456265340,24.472688
1456265342,24.426242
1456265342,24.472688
1456265343,24.426242
1456265343,24.460922
1456265345,24.419843
1456265345,24.460922
1456265347,24.419843
1456265347,24.456998
1456265348,24.412206
1456265348,24.456998
1456265350,24.412206
1456265350,24.462779
1456265351,24.430990
1456265351,24.462779
1456265353,24.430990
1456265353,24.455348
1456265355,24.434499
1456265355,24.455348
1456265356,24.434499
1456265356,24.467939
1456265358,24.423145
1456265358,24.467939
1456265360,24.423145
1456265360,24.467733
1456265361,24.427068
1456265361,24.467733
1456265363,24.427068
1456265363,24.462779
1456265364,24.428720
1456265364,24.462779
1456265366,24.428720
1456265366,24.464223
1456265368,24.425622
1456265368,24.464223
1456265369,24.425622
1456265369,24.467733
1456265371,24.431402
1456265371,24.467733
1456265372,24.431402
1456265372,24.469797
1456265374,24.426862
1456265374,24.469797
1456265376,24.426862
1456265376,24.468353
1456265377,24.428100
1456265377,24.468353
1456265379,24.428100
1456265379,24.469797
1456265380,24.425416
1456265380,24.469797
1456265382,24.425416
1456265382,24.466495
1456265384,24.423559
1456265384,24.466495
1456265385,24.423559
1456265385,24.452665
1456265387,24.424385
1456265387,24.452665
1456265388,24.424385
1456265388,24.465049
1456265390,24.435737
1456265390,24.465049
1456265392,24.435737
1456265392,24.469179
1456265393,24.421907
1456265393,24.469179
1456265395,24.421907
1456265395,24.462366
1456265396,24.435325
1456265396,24.462366
1456265398,24.427274
1456265398,24.461128
1456265400,24.427274
1456265400,24.457618
1456265401,24.426862
1456265401,24.457618
1456265403,24.426862
1456265403,24.455554
1456265404,24.415096
1456265404,24.455554
1456265406,24.415096
1456265406,24.465669
1456265408,24.436977
1456265408,24.465669
1456265409,24.436977
1456265409,24.462572
1456265411,24.426448
1456265411,24.462572
1456265412,24.426448
1456265412,24.461540
1456265414,24.431402
1456265414,24.461540
1456265416,24.431402
1456265416,24.461334
1456265417,24.424385
1456265417,24.461334
1456265419,24.424385
1456265419,24.463605
1456265420,24.439659
1456265420,24.463605
1456265422,24.439659
1456265422,24.462160
1456265424,24.427480
1456265424,24.462160
1456265425,24.427480
1456265425,24.458238
1456265427,24.436151
1456265427,24.458238
1456265429,24.436151
1456265429,24.463605
1456265430,24.434911
1456265430,24.463605
1456265432,24.434911
1456265432,24.467113
1456265433,24.442342
1456265433,24.467113
1456265435,24.442342
1456265435,24.472894
1456265437,24.430990
1456265437,24.472894
1456265438,24.430990
1456265438,24.465049
1456265440,24.432228
1456265440,24.465049
1456265441,24.432228
1456265441,24.470417
1456265443,24.435531
1456265443,24.470417
1456265445,24.435531
1456265445,24.464637
1456265446,24.439453
1456265446,24.464637
1456265448,24.439453
1456265448,24.471242
1456265449,24.433261
1456265449,24.471242
1456265451,24.433261
1456265451,24.456380
1456265453,24.432228
1456265453,24.456380
1456265454,24.432228
1456265454,24.466081
1456265456,24.438215
1456265456,24.466081
1456265457,24.438215
1456265457,24.463397
1456265459,24.432228
1456265459,24.463397
1456265461,24.432228
1456265461,24.469797
1456265462,24.433261
1456265462,24.469797
1456265464,24.433261
1456265464,24.465875
1456265465,24.433467
1456265465,24.465875
1456265467,24.433467
1456265467,24.467939
1456265469,24.435943
1456265469,24.467939
1456265470,24.435943
1456265470,24.470005
1456265472,24.439867
1456265472,24.470005
1456265473,24.439867
1456265473,24.468353
1456265475,24.429958
1456265475,24.468353
1456265477,24.429958
1456265477,24.470417
1456265478,24.439247
1456265478,24.470417
1456265480,24.439247
1456265480,24.470417
1456265481,24.436977
1456265481,24.470417
1456265483,24.436977
1456265483,24.466907
1456265485,24.443376
1456265485,24.466907
1456265486,24.443376
1456265486,24.465669
1456265488,24.442756
1456265488,24.465669
1456265490,24.442756
1456265490,24.469591
1456265491,24.454523
1456265491,24.469591
1456265493,24.454523
1456265493,24.475990
1456265494,24.454729
1456265494,24.475990
1456265496,24.454729
1456265496,24.487344
1456265498,24.464843
1456265498,24.487344
1456265499,24.464843
1456265499,24.476610
1456265501,24.457618
1456265501,24.476610
1456265502,24.457618
1456265502,24.486310
1456265504,24.455348
1456265504,24.486310
1456265506,24.455348
1456265506,24.491472
1456265507,24.465049
1456265507,24.491472
1456265509,24.465049
1456265509,24.502618
1456265510,24.470417
1456265510,24.502618
1456265512,24.470417
1456265512,24.500555
1456265514,24.478054
1456265514,24.500555
1456265515,24.478054
1456265515,24.498697
1456265517,24.487136
1456265517,24.498697
1456265518,24.487136
1456265518,24.511907
1456265520,24.492504
1456265520,24.511907
1456265522,24.492504
1456265522,24.509843
1456265523,24.486310
1456265523,24.509843
1456265525,24.486310
1456265525,24.509637
1456265526,24.485692
1456265526,24.509637
1456265528,24.485692
1456265528,24.519958
1456265530,24.489408
1456265530,24.519958
1456265531,24.489408
1456265531,24.510669
1456265533,24.497251
1456265533,24.510669
1456265534,24.497251
1456265534,24.518100
1456265536,24.488168
1456265536,24.518100
1456265538,24.488168
1456265538,24.514591
1456265539,24.485898
1456265539,24.514591
1456265541,24.485898
1456265541,24.524705
1456265542,24.480119
1456265542,24.524705
1456265544,24.480119
1456265544,24.522022
1456265546,24.495601
1456265546,24.522022
1456265547,24.495601
1456265547,24.523880
1456265549,24.508192
1456265549,24.523880
1456265550,24.503238
1456265550,24.528629
1456265552,24.503238
1456265552,24.523880
1456265554,24.507780
1456265554,24.523880
1456265555,24.507780
1456265555,24.532550
1456265557,24.507986
1456265557,24.532550
1456265559,24.507986
1456265559,24.531105
1456265560,24.501586
1456265560,24.531105
1456265562,24.501586
1456265562,24.539981
1456265563,24.503032
1456265563,24.539981
1456265565,24.503032
1456265565,24.533994
1456265567,24.503650
1456265567,24.533994
1456265568,24.503650
1456265568,24.531724
1456265570,24.507986
1456265570,24.531724
1456265571,24.507986
1456265571,24.535440
1456265573,24.516448
1456265573,24.535440
1456265575,24.516448
1456265575,24.532756
1456265576,24.510255
1456265576,24.532756
1456265578,24.510255
1456265578,24.547618
1456265579,24.510049
1456265579,24.547618
1456265581,24.510049
1456265581,24.534202
1456265583,24.515417
1456265583,24.534202
1456265584,24.515417
1456265584,24.542045
1456265586,24.517894
1456265586,24.542045
1456265587,24.517894
1456265587,24.549682
1456265589,24.515830
1456265589,24.549682
1456265591,24.515830
1456265591,24.550302
1456265592,24.516862
1456265592,24.550302
1456265594,24.516862
1456265594,24.542871
1456265595,24.517274
1456265595,24.542871
1456265597,24.517274
1456265597,24.547206
1456265599,24.525119
1456265599,24.547206
1456265600,24.525119
1456265600,24.543285
1456265602,24.537092
1456265602,24.543285
1456265603,24.537092
1456265603,24.549890
1456265605,24.525119
1456265605,24.549890
1456265607,24.525119
1456265607,24.557321
1456265608,24.546380
1456265608,24.557321
1456265610,24.546380
1456265610,24.550302
1456265611,24.545555
1456265611,24.550302
1456265613,24.545555
1456265613,24.549682
1456265615,24.543285
1456265615,24.549682
1456265616,24.543285
1456265616,24.552780
1456265618,24.531930
1456265618,24.552780
1456265619,24.531930
1456265619,24.547618
1456265621,24.534202
1456265621,24.547618
1456265623,24.534202
1456265623,24.551748
1456265624,24.526151
1456265624,24.551748
1456265626,24.526151
1456265626,24.562894
1456265628,24.518306
1456265628,24.562894
1456265629,24.518306
1456265629,24.560623
1456265631,24.522436
1456265631,24.560623
1456265632,24.522436
1456265632,24.554224
1456265634,24.526357
1456265634,24.554224
1456265636,24.526357
1456265636,24.561862
1456265637,24.512733
1456265637,24.561862
1456265639,24.512733
1456265639,24.560623
1456265640,24.516242
1456265640,24.560623
1456265642,24.516242
1456265642,24.561037
1456265644,24.522642
1456265644,24.561037
1456265645,24.522642
1456265645,24.552574
1456265647,24.529041
1456265647,24.552574
1456265648,24.529041
1456265648,24.557939
1456265650,24.519752
1456265650,24.557939
1456265652,24.519752
1456265652,24.565990
1456265653,24.514385
1456265653,24.565990
1456265655,24.514385
1456265655,24.559799
1456265656,24.527389
1456265656,24.559799
1456265658,24.527389
1456265658,24.565990
1456265660,24.514591
1456265660,24.565990
1456265661,24.514591
1456265661,24.570325
1456265663,24.513973
1456265663,24.570325
1456265664,24.513973
1456265664,24.568468
1456265666,24.520372
1456265666,24.568468
1456265668,24.520372
1456265668,24.563306
1456265669,24.518720
1456265669,24.563306
1456265671,24.518720
1456265671,24.567848
1456265672,24.515623
1456265672,24.567848
1456265674,24.515623
1456265674,24.560623
1456265676,24.518100
1456265676,24.560623
1456265677,24.518100
1456265677,24.558559
1456265679,24.536678
1456265679,24.558559
1456265680,24.536678
1456265680,24.566404
1456265682,24.535646
1456265682,24.566404
1456265684,24.535646
1456265684,24.569913
1456265685,24.550922
1456265685,24.569913
1456265687,24.550922
1456265687,24.583744
1456265689,24.548238
1456265689,24.583744
1456265690,24.548238
1456265690,24.573629
1456265692,24.553606
1456265692,24.573629
1456265693,24.553606
1456265693,24.591381
1456265695,24.554018
1456265695,24.591381
1456265697,24.554018
1456265697,24.596954
1456265698,24.573835
1456265698,24.596954
1456265700,24.573835
1456265700,24.598400
1456265701,24.560417
1456265701,24.598400
1456265703,24.581060
1456265703,24.600875
1456265705,24.581060
1456265705,24.601495
1456265706,24.589935
1456265706,24.601495
1456265708,24.589935
1456265708,24.608514
1456265709,24.587045
1456265709,24.608514
1456265711,24.587045
1456265711,24.607688
1456265713,24.586633
1456265713,24.607688
1456265714,24.586633
1456265714,24.620279
1456265716,24.595716
1456265716,24.620279
1456265717,24.595716
1456265717,24.621725
1456265719,24.594476
1456265719,24.621725
1456265721,24.594476
1456265721,24.623788
1456265722,24.613262
1456265722,24.623788
1456265724,24.613262
1456265724,24.627298
1456265725,24.618421
1456265725,24.627298
1456265727,24.618421
1456265727,24.625854
1456265729,24.615945
1456265729,24.625854
1456265730,24.615945
1456265730,24.638652
1456265732,24.634729
1456265732,24.638652

